image_width: 640
image_height: 480
camera_name: raspicam
camera_matrix:
  rows: 3
  cols: 3
  data: [630.226365, 0.000000, 321.120767, 0.000000, 628.041525, 246.913840, 0.000000, 0.000000, 1.000000]
distortion_model: plumb_bob
distortion_coefficients:
  rows: 1
  cols: 5
  data: [0.055578, -0.084044, 0.005961, -0.000533, 0.000000]
rectification_matrix:
  rows: 3
  cols: 3
  data: [1.000000, 0.000000, 0.000000, 0.000000, 1.000000, 0.000000, 0.000000, 0.000000, 1.000000]
projection_matrix:
  rows: 3
  cols: 4
  data: [638.606079, 0.000000, 320.827156, 0.000000, 0.000000, 634.248291, 249.252872, 0.000000, 0.000000, 0.000000, 1.000000, 0.000000]
